S0
 ===========================================
dx=0 64 0 0 0 0 0 0 0 0 0 0 0 0 0 0 0 
dx=1 0 0 0 6 0 2 4 4 0 10 12 4 10 6 2 4 
dx=2 0 0 0 8 0 4 4 4 0 6 8 6 12 6 4 2 
dx=3 14 4 2 2 10 6 4 2 6 4 4 0 2 2 2 0 
dx=4 0 0 0 6 0 10 10 6 0 4 6 4 2 8 6 2 
dx=5 4 8 6 2 2 4 4 2 0 4 4 0 12 2 4 6 
dx=6 0 4 2 4 8 2 6 2 8 4 4 2 4 2 0 12 
dx=7 2 4 10 4 0 4 8 4 2 4 8 2 2 2 4 4 
dx=8 0 0 0 12 0 8 8 4 0 6 2 8 8 2 2 4 
dx=9 10 2 4 0 2 4 6 0 2 2 8 0 10 0 2 12 
dx=a 0 8 6 2 2 8 6 0 6 4 6 0 4 0 2 10 
dx=b 2 4 0 10 2 2 4 0 2 6 2 6 6 4 2 12 
dx=c 0 0 0 8 0 6 6 0 0 6 6 4 6 6 14 2 
dx=d 6 6 4 8 4 8 2 6 0 6 4 6 0 2 0 2 
dx=e 0 4 8 8 6 6 4 0 6 6 4 0 0 4 0 8 
dx=f 2 0 2 4 4 6 4 2 4 8 2 2 2 6 8 8 
dx=10 0 0 0 0 0 0 2 14 0 6 6 12 4 6 8 6 
dx=11 6 8 2 4 6 4 8 6 4 0 6 6 0 4 0 0 
dx=12 0 8 4 2 6 6 4 6 6 4 2 6 6 0 4 0 
dx=13 2 4 4 6 2 0 4 6 2 0 6 8 4 6 4 6 
dx=14 0 8 8 0 10 0 4 2 8 2 2 4 4 8 4 0 
dx=15 0 4 6 4 2 2 4 10 6 2 0 10 0 4 6 4 
dx=16 0 8 10 8 0 2 2 6 10 2 0 2 0 6 2 6 
dx=17 4 4 6 0 10 6 0 2 4 4 4 6 6 6 2 0 
dx=18 0 6 6 0 8 4 2 2 2 4 6 8 6 6 2 2 
dx=19 2 6 2 4 0 8 4 6 10 4 0 4 2 8 4 0 
dx=1a 0 6 4 0 4 6 6 6 6 2 2 0 4 4 6 8 
dx=1b 4 4 2 4 10 6 6 4 6 2 2 4 2 2 4 2 
dx=1c 0 10 10 6 6 0 0 12 6 4 0 0 2 4 4 0 
dx=1d 4 2 4 0 8 0 0 2 10 0 2 6 6 6 14 0 
dx=1e 0 2 6 0 14 2 0 0 6 4 10 8 2 2 6 2 
dx=1f 2 4 10 6 2 2 2 8 6 8 0 0 0 4 6 4 
dx=20 0 0 0 10 0 12 8 2 0 6 4 4 4 2 0 12 
dx=21 0 4 2 4 4 8 10 0 4 4 10 0 4 0 2 8 
dx=22 10 4 6 2 2 8 2 2 2 2 6 0 4 0 4 10 
dx=23 0 4 4 8 0 2 6 0 6 6 2 10 2 4 0 10 
dx=24 12 0 0 2 2 2 2 0 14 14 2 0 2 6 2 4 
dx=25 6 4 4 12 4 4 4 10 2 2 2 0 4 2 2 2 
dx=26 0 0 4 10 10 10 2 4 0 4 6 4 4 4 2 0 
dx=27 10 4 2 0 2 4 2 0 4 8 0 4 8 8 4 4 
dx=28 12 2 2 8 2 6 12 0 0 2 6 0 4 0 6 2 
dx=29 4 2 2 10 0 2 4 0 0 14 10 2 4 6 0 4 
dx=2a 4 2 4 6 0 2 8 2 2 14 2 6 2 6 2 2 
dx=2b 12 2 2 2 4 6 6 2 0 2 6 2 6 0 8 4 
dx=2c 4 2 2 4 0 2 10 4 2 2 4 8 8 4 2 6 
dx=2d 6 2 6 2 8 4 4 4 2 4 6 0 8 2 0 6 
dx=2e 6 6 2 2 0 2 4 6 4 0 6 2 12 2 6 4 
dx=2f 2 2 2 2 2 6 8 8 2 4 4 6 8 2 4 2 
dx=30 0 4 6 0 12 6 2 2 8 2 4 4 6 2 2 4 
dx=31 4 8 2 10 2 2 2 2 6 0 0 2 2 4 10 8 
dx=32 4 2 6 4 4 2 2 4 6 6 4 8 2 2 8 0 
dx=33 4 4 6 2 10 8 4 2 4 0 2 2 4 6 2 4 
dx=34 0 8 16 6 2 0 0 12 6 0 0 0 0 8 0 6 
dx=35 2 2 4 0 8 0 0 0 14 4 6 8 0 2 14 0 
dx=36 2 6 2 2 8 0 2 2 4 2 6 8 6 4 10 0 
dx=37 2 2 12 4 2 4 4 10 4 4 2 6 0 2 2 4 
dx=38 0 6 2 2 2 0 2 2 4 6 4 4 4 6 10 10 
dx=39 6 2 2 4 12 6 4 8 4 0 2 4 2 4 4 0 
dx=3a 6 4 6 4 6 8 0 6 2 2 6 2 2 6 4 0 
dx=3b 2 6 4 0 0 2 4 6 4 6 8 6 4 4 6 2 
dx=3c 0 10 4 0 12 0 4 2 6 0 4 12 4 4 2 0 
dx=3d 0 8 6 2 2 6 0 8 4 4 0 4 0 12 4 4 
dx=3e 4 8 2 2 2 4 4 14 4 2 0 2 0 8 4 4 
dx=3f 4 8 4 2 4 0 2 4 4 2 4 8 8 6 2 2 
=========================================
S1
 ===========================================
dx=0 64 0 0 0 0 0 0 0 0 0 0 0 0 0 0 0 
dx=1 0 0 0 4 0 2 6 4 0 14 8 6 8 4 6 2 
dx=2 0 0 0 2 0 4 6 4 0 0 4 6 10 10 12 6 
dx=3 4 8 4 8 4 6 4 2 4 2 2 4 6 2 0 4 
dx=4 0 0 0 0 0 6 0 14 0 6 10 4 10 6 4 4 
dx=5 2 0 4 8 2 4 6 6 2 0 8 4 2 4 10 2 
dx=6 0 12 6 4 6 4 6 2 2 10 2 8 2 0 0 0 
dx=7 4 6 6 4 2 4 4 2 6 4 2 4 4 6 0 6 
dx=8 0 0 0 4 0 4 0 8 0 10 16 6 6 0 6 4 
dx=9 14 2 4 10 2 8 2 6 2 4 0 0 2 2 2 4 
dx=a 0 6 6 2 10 4 10 2 6 2 2 4 2 2 4 2 
dx=b 6 2 2 0 2 4 6 2 10 2 0 6 6 4 4 8 
dx=c 0 0 0 4 0 14 0 10 0 6 2 4 4 8 6 6 
dx=d 6 2 6 2 10 2 0 4 0 10 4 2 8 2 2 4 
dx=e 0 6 12 8 0 4 2 0 8 2 4 4 6 2 0 6 
dx=f 0 8 2 0 6 6 8 2 4 4 4 6 8 0 4 2 
dx=10 0 0 0 8 0 4 10 2 0 2 8 10 0 10 6 4 
dx=11 6 6 4 6 4 0 6 4 8 2 10 2 2 4 0 0 
dx=12 0 6 2 6 2 4 12 4 6 4 0 4 4 6 2 2 
dx=13 4 0 4 0 8 6 6 0 0 2 0 6 4 8 2 14 
dx=14 0 6 6 4 10 0 2 12 6 2 2 2 4 4 2 2 
dx=15 6 8 2 0 8 2 0 2 2 2 2 2 2 14 10 2 
dx=16 0 8 6 4 2 2 4 2 6 4 6 2 6 0 6 6 
dx=17 6 4 8 6 4 4 0 4 6 2 4 4 4 2 4 2 
dx=18 0 6 4 6 10 4 0 2 4 8 0 0 4 8 2 6 
dx=19 2 4 6 4 4 2 4 2 6 4 6 8 0 6 4 2 
dx=1a 0 6 8 4 2 4 2 2 8 2 2 6 2 4 4 8 
dx=1b 0 6 4 4 0 12 6 4 2 2 2 4 4 2 10 2 
dx=1c 0 4 6 6 12 0 4 0 10 2 6 2 0 0 10 2 
dx=1d 0 6 2 2 6 0 4 16 4 4 2 0 0 4 6 8 
dx=1e 0 4 8 2 10 6 6 0 8 4 0 2 4 4 0 6 
dx=1f 4 2 6 6 2 2 2 4 8 6 10 6 4 0 0 2 
dx=20 0 0 0 2 0 12 10 4 0 0 0 2 14 2 8 10 
dx=21 0 4 6 8 2 10 4 2 2 6 4 2 6 2 0 6 
dx=22 4 12 8 4 2 2 0 0 2 8 8 6 0 6 0 2 
dx=23 8 2 0 2 8 4 2 6 4 8 2 2 6 4 2 4 
dx=24 10 4 0 0 0 4 0 2 6 8 6 10 8 0 2 4 
dx=25 6 0 12 2 8 6 10 0 0 8 2 6 0 0 2 2 
dx=26 2 2 4 4 2 2 10 14 2 0 4 2 2 4 6 4 
dx=27 6 0 0 2 6 4 2 4 4 4 8 4 8 0 6 6 
dx=28 8 0 8 2 4 12 2 0 2 6 2 0 6 2 0 10 
dx=29 0 2 4 10 2 8 6 4 0 10 0 2 10 0 2 4 
dx=2a 4 0 4 8 6 2 4 4 6 6 2 6 2 2 4 4 
dx=2b 2 2 6 4 0 2 2 6 2 8 8 4 4 4 8 2 
dx=2c 10 6 8 6 0 6 4 4 4 2 4 4 0 0 2 4 
dx=2d 2 2 2 4 0 0 0 2 8 4 4 6 10 2 14 4 
dx=2e 2 4 0 2 10 4 2 0 2 2 6 2 8 8 10 2 
dx=2f 12 4 6 8 2 6 2 8 0 4 0 2 0 8 2 0 
dx=30 0 4 0 2 4 4 8 6 10 6 2 12 0 0 0 6 
dx=31 0 10 2 0 6 2 10 2 6 0 2 0 6 6 4 8 
dx=32 8 4 6 0 6 4 4 8 4 6 8 0 2 2 2 0 
dx=33 2 2 6 10 2 0 0 6 4 4 12 8 4 2 2 0 
dx=34 0 12 6 4 6 0 4 4 4 0 4 6 4 2 4 4 
dx=35 0 12 4 6 2 4 4 0 10 0 0 8 0 8 0 6 
dx=36 8 2 4 0 4 0 4 2 0 8 4 2 6 16 2 2 
dx=37 6 2 2 2 6 6 4 8 2 2 6 2 2 2 4 8 
dx=38 0 8 8 10 6 2 2 0 4 0 4 2 4 0 4 10 
dx=39 0 2 0 0 8 0 10 4 10 0 8 4 4 4 4 6 
dx=3a 4 0 2 8 4 2 2 2 4 8 2 0 4 10 10 2 
dx=3b 16 4 4 2 8 2 2 6 4 4 4 2 0 2 2 2 
dx=3c 0 2 6 2 8 4 6 0 10 2 2 4 4 10 4 0 
dx=3d 0 16 10 2 4 2 4 2 8 0 0 8 0 6 2 0 
dx=3e 4 4 0 10 2 4 2 14 4 2 6 6 0 0 6 0 
dx=3f 4 0 0 2 0 8 2 4 0 2 4 4 4 14 10 6 
=========================================
S2
 ===========================================
dx=0 64 0 0 0 0 0 0 0 0 0 0 0 0 0 0 0 
dx=1 0 0 0 2 0 4 2 12 0 14 0 4 8 2 6 10 
dx=2 0 0 0 2 0 2 0 8 0 4 12 10 4 6 8 8 
dx=3 8 6 10 4 8 6 0 6 4 4 0 0 0 4 2 2 
dx=4 0 0 0 4 0 2 4 2 0 12 8 4 6 8 10 4 
dx=5 6 2 4 8 6 10 6 2 2 8 2 0 2 0 4 2 
dx=6 0 10 6 6 10 0 4 12 2 4 0 0 6 4 0 0 
dx=7 2 0 0 4 4 4 4 2 10 4 4 8 4 4 4 6 
dx=8 0 0 0 10 0 4 4 6 0 6 6 6 6 0 8 8 
dx=9 10 2 0 2 10 4 6 2 0 6 0 4 6 2 4 6 
dx=a 0 10 6 0 14 6 4 0 4 6 6 0 4 0 2 2 
dx=b 2 6 2 10 2 2 4 0 4 2 6 0 2 8 14 0 
dx=c 0 0 0 8 0 12 12 4 0 8 0 4 2 10 2 2 
dx=d 8 2 8 0 0 4 2 0 2 8 14 2 6 2 4 2 
dx=e 0 4 4 2 4 2 4 4 10 4 4 4 4 4 2 8 
dx=f 4 6 4 6 2 2 4 8 6 2 6 2 0 6 2 4 
dx=10 0 0 0 4 0 12 4 8 0 4 2 6 2 14 0 8 
dx=11 8 2 2 6 4 0 2 0 8 4 12 2 10 0 2 2 
dx=12 0 2 8 2 4 8 0 8 8 0 2 2 4 2 14 0 
dx=13 4 4 12 0 2 2 2 10 2 2 2 2 4 4 4 8 
dx=14 0 6 4 4 6 4 6 2 8 6 6 2 2 0 0 8 
dx=15 4 8 2 8 2 4 8 0 4 2 2 2 2 6 8 2 
dx=16 0 6 10 2 8 4 2 0 2 2 2 8 4 6 4 4 
dx=17 0 6 6 0 6 2 4 4 6 2 2 10 6 8 2 0 
dx=18 0 8 4 6 6 0 6 2 4 0 4 2 10 0 6 6 
dx=19 4 2 4 8 4 2 10 2 2 2 6 8 2 6 0 2 
dx=1a 0 8 6 4 4 0 6 4 4 8 0 10 2 2 2 4 
dx=1b 4 10 2 0 2 4 2 4 8 2 2 8 4 2 8 2 
dx=1c 0 6 8 8 4 2 8 0 12 0 10 0 4 0 2 0 
dx=1d 0 2 0 6 2 8 4 6 2 0 4 2 4 10 0 14 
dx=1e 0 4 8 2 4 6 0 4 10 0 2 6 4 8 4 2 
dx=1f 0 6 8 0 10 6 4 6 4 2 2 10 4 0 0 2 
dx=20 0 0 0 0 0 4 4 8 0 2 2 4 10 16 12 2 
dx=21 10 8 8 0 8 4 2 4 0 6 6 6 0 0 2 0 
dx=22 12 6 4 4 2 4 10 2 0 4 4 2 4 4 0 2 
dx=23 2 2 0 6 0 2 4 0 4 12 4 2 6 4 8 8 
dx=24 4 8 2 12 6 4 2 10 2 2 2 4 2 0 4 0 
dx=25 6 0 2 0 8 2 0 2 8 8 2 2 4 4 10 6 
dx=26 6 2 0 4 4 0 4 0 4 2 14 0 8 10 0 6 
dx=27 0 2 4 16 8 6 6 6 0 2 4 4 0 2 2 2 
dx=28 6 2 10 0 6 4 0 4 4 2 4 8 2 2 8 2 
dx=29 0 2 8 4 0 4 0 6 4 10 4 8 4 4 4 2 
dx=2a 2 6 0 4 2 4 4 6 4 8 4 4 4 2 4 6 
dx=2b 10 2 6 6 4 4 8 0 4 2 2 0 2 4 4 6 
dx=2c 10 4 6 2 4 2 2 2 4 10 4 4 0 2 6 2 
dx=2d 4 2 4 4 4 2 4 16 2 0 0 4 4 2 6 6 
dx=2e 4 0 2 10 0 6 10 4 2 6 6 2 2 0 2 8 
dx=2f 8 2 0 0 4 4 4 2 6 4 6 2 4 8 4 6 
dx=30 0 10 8 6 2 0 4 2 10 4 4 6 2 0 6 0 
dx=31 2 6 2 0 4 2 8 8 2 2 2 0 2 12 6 6 
dx=32 2 0 4 8 2 8 4 4 8 4 2 8 6 2 0 2 
dx=33 4 4 6 8 6 6 0 2 2 2 6 4 12 0 0 2 
dx=34 0 6 2 2 16 2 2 2 12 2 4 0 4 2 0 8 
dx=35 4 6 0 10 8 0 2 2 6 0 0 6 2 10 2 6 
dx=36 4 4 4 4 0 6 6 4 4 4 4 4 0 6 2 8 
dx=37 4 8 2 4 2 2 6 0 2 4 8 4 10 0 6 2 
dx=38 0 8 12 0 2 2 6 6 2 10 2 2 0 8 0 4 
dx=39 2 6 4 0 6 4 6 4 8 0 4 4 2 4 8 2 
dx=3a 6 0 2 2 4 6 4 4 4 2 2 6 12 2 6 2 
dx=3b 2 2 6 0 0 10 4 8 4 2 4 8 4 4 0 6 
dx=3c 0 2 4 2 12 2 0 6 2 0 2 8 4 6 4 10 
dx=3d 4 6 8 6 2 2 2 2 10 2 6 6 2 4 2 0 
dx=3e 8 6 4 4 2 10 2 0 2 2 4 2 4 2 10 2 
dx=3f 2 6 4 0 0 10 8 2 2 8 6 4 6 2 0 4 
=========================================
S3
 ===========================================
dx=0 64 0 0 0 0 0 0 0 0 0 0 0 0 0 0 0 
dx=1 0 0 0 0 0 16 16 0 0 16 16 0 0 0 0 0 
dx=2 0 0 0 8 0 4 4 8 0 4 4 8 8 8 8 0 
dx=3 8 6 2 0 2 4 8 2 6 0 4 6 0 6 2 8 
dx=4 0 0 0 8 0 0 12 4 0 12 0 4 8 4 4 8 
dx=5 4 2 2 8 2 12 0 2 2 0 12 2 8 2 2 4 
dx=6 0 8 8 4 8 8 0 0 8 0 8 0 4 0 0 8 
dx=7 4 2 6 4 6 0 16 6 2 0 0 2 4 2 6 4 
dx=8 0 0 0 4 0 8 4 8 0 4 8 8 4 8 8 0 
dx=9 8 4 4 4 4 0 8 4 4 0 0 4 4 4 4 8 
dx=a 0 6 6 0 6 4 4 6 6 4 4 6 0 6 6 0 
dx=b 0 12 0 8 0 0 0 0 12 0 0 12 8 12 0 0 
dx=c 0 0 0 4 0 8 4 8 0 4 8 8 4 8 8 0 
dx=d 8 4 4 4 4 0 0 4 4 8 0 4 4 4 4 8 
dx=e 0 6 6 4 6 0 4 6 6 4 0 6 4 6 6 0 
dx=f 0 6 6 4 6 4 0 6 6 0 4 6 4 6 6 0 
dx=10 0 0 0 0 0 8 12 4 0 12 8 4 0 4 4 8 
dx=11 4 2 2 16 2 4 0 2 2 0 4 2 16 2 2 4 
dx=12 0 0 0 8 0 4 4 8 0 4 4 8 8 8 8 0 
dx=13 8 2 6 0 6 4 0 6 2 8 4 2 0 2 6 8 
dx=14 0 8 8 0 8 0 8 0 8 8 0 0 0 0 0 16 
dx=15 8 4 4 0 4 8 0 4 4 0 8 4 0 4 4 8 
dx=16 0 8 8 4 8 8 0 0 8 0 8 0 4 0 0 8 
dx=17 4 6 2 4 2 0 0 2 6 16 0 6 4 6 2 4 
dx=18 0 8 8 8 8 4 0 0 8 0 4 0 8 0 0 8 
dx=19 4 4 4 0 4 4 16 4 4 0 4 4 0 4 4 4 
dx=1a 0 6 6 4 6 0 4 6 6 4 0 6 4 6 6 0 
dx=1b 0 6 6 4 6 4 0 6 6 0 4 6 4 6 6 0 
dx=1c 0 8 8 8 8 4 0 0 8 0 4 0 8 0 0 8 
dx=1d 4 4 4 0 4 4 0 4 4 16 4 4 0 4 4 4 
dx=1e 0 6 6 0 6 4 4 6 6 4 4 6 0 6 6 0 
dx=1f 0 0 12 8 12 0 0 12 0 0 0 0 8 0 12 0 
dx=20 0 0 0 8 0 0 0 12 0 0 0 12 8 12 12 0 
dx=21 0 4 8 0 8 4 8 8 4 0 4 4 0 4 8 0 
dx=22 8 2 2 0 2 4 8 6 2 8 4 6 0 6 6 0 
dx=23 4 6 2 8 2 4 0 2 6 0 4 6 8 6 2 4 
dx=24 0 6 6 4 6 4 0 6 6 0 4 6 4 6 6 0 
dx=25 0 8 4 4 4 0 0 4 8 8 0 8 4 8 4 0 
dx=26 0 6 6 0 6 4 8 2 6 8 4 2 0 2 2 8 
dx=27 4 6 2 8 2 4 0 2 6 0 4 6 8 6 2 4 
dx=28 16 4 4 0 4 4 4 4 4 4 4 4 0 4 4 0 
dx=29 0 6 2 8 2 4 0 2 6 8 4 6 8 6 2 0 
dx=2a 0 2 2 16 2 4 4 2 2 4 4 2 16 2 2 0 
dx=2b 8 0 4 0 4 8 16 4 0 0 8 0 0 0 4 8 
dx=2c 8 4 4 4 4 0 8 4 4 8 0 4 4 4 4 0 
dx=2d 4 2 6 4 6 8 0 6 2 0 8 2 4 2 6 4 
dx=2e 16 0 0 0 0 16 0 0 0 0 16 0 0 0 0 16 
dx=2f 16 0 0 0 0 0 16 0 0 16 0 0 0 0 0 16 
dx=30 0 6 6 4 6 4 0 6 6 0 4 6 4 6 6 0 
dx=31 0 8 4 4 4 0 0 4 8 8 0 8 4 8 4 0 
dx=32 16 6 6 4 6 0 4 2 6 4 0 2 4 2 2 0 
dx=33 0 2 6 4 6 8 8 6 2 0 8 2 4 2 6 0 
dx=34 0 12 12 8 12 0 0 0 12 0 0 0 8 0 0 0 
dx=35 0 4 8 0 8 4 8 8 4 0 4 4 0 4 8 0 
dx=36 0 2 2 4 2 0 4 6 2 4 0 6 4 6 6 16 
dx=37 0 2 6 4 6 8 8 6 2 0 8 2 4 2 6 0 
dx=38 0 4 4 0 4 4 4 4 4 4 4 4 0 4 4 16 
dx=39 0 6 2 8 2 4 0 2 6 8 4 6 8 6 2 0 
dx=3a 0 4 4 0 4 8 8 4 4 8 8 4 0 4 4 0 
dx=3b 16 4 4 0 4 0 0 4 4 0 0 4 0 4 4 16 
dx=3c 0 4 4 4 4 0 8 4 4 8 0 4 4 4 4 8 
dx=3d 4 2 6 4 6 8 0 6 2 0 8 2 4 2 6 4 
dx=3e 0 2 2 8 2 12 4 2 2 4 12 2 8 2 2 0 
dx=3f 8 4 0 8 0 0 0 0 4 16 0 4 8 4 0 8 
=========================================
S4
 ===========================================
dx=0 64 0 0 0 0 0 0 0 0 0 0 0 0 0 0 0 
dx=1 0 0 0 4 0 10 8 6 0 4 2 2 12 10 2 4 
dx=2 0 0 0 4 0 10 6 4 0 6 4 2 4 8 10 6 
dx=3 8 2 4 6 4 4 2 2 6 8 6 4 4 0 2 2 
dx=4 0 0 0 8 0 4 10 6 0 6 6 4 8 6 0 6 
dx=5 12 2 0 4 0 4 8 2 4 0 16 2 0 2 0 8 
dx=6 0 8 4 6 4 6 2 2 4 4 6 0 6 0 2 10 
dx=7 2 0 4 8 4 2 6 6 2 8 6 2 2 0 6 6 
dx=8 0 0 0 2 0 8 10 4 0 4 10 4 8 4 4 6 
dx=9 8 6 0 4 0 6 6 2 2 10 2 8 6 2 0 2 
dx=a 0 6 8 6 0 8 0 0 8 10 4 2 8 0 0 4 
dx=b 4 2 2 4 8 10 6 4 2 6 2 2 6 2 2 2 
dx=c 0 0 0 10 0 2 10 2 0 6 10 6 6 6 2 4 
dx=d 10 4 2 2 0 6 16 0 0 2 10 2 2 4 0 4 
dx=e 0 6 4 8 4 6 10 2 4 4 4 2 4 0 2 4 
dx=f 4 4 0 8 0 2 0 2 8 2 4 2 8 4 4 12 
dx=10 0 0 0 0 0 4 4 12 0 2 8 10 4 6 12 2 
dx=11 6 6 10 10 4 0 2 6 2 4 0 6 2 4 2 0 
dx=12 0 2 4 2 10 4 0 10 8 6 0 6 0 6 6 0 
dx=13 0 0 6 2 8 0 0 4 4 6 2 8 2 8 10 4 
dx=14 0 12 2 6 4 0 4 4 8 4 4 4 6 2 4 0 
dx=15 4 8 0 2 8 0 2 4 2 2 4 2 4 8 8 6 
dx=16 0 6 10 2 14 0 2 2 4 4 0 6 0 4 6 4 
dx=17 0 6 8 4 8 4 0 2 8 4 0 2 2 8 6 2 
dx=18 0 10 8 0 6 4 0 4 4 4 6 4 4 4 0 6 
dx=19 0 4 6 2 4 4 2 6 4 2 2 4 12 2 10 0 
dx=1a 0 2 16 2 12 2 0 6 4 0 0 4 0 4 4 8 
dx=1b 2 8 12 0 0 2 2 6 8 4 0 6 0 0 8 6 
dx=1c 0 10 2 6 6 6 6 4 8 2 0 4 4 4 2 0 
dx=1d 4 6 2 0 8 2 4 6 6 0 8 6 2 4 2 4 
dx=1e 0 2 6 2 4 0 0 2 12 2 2 6 2 10 10 4 
dx=1f 0 6 8 4 8 8 0 6 6 2 0 6 0 6 2 2 
dx=20 0 0 0 8 0 8 2 6 0 4 4 4 6 6 8 8 
dx=21 0 0 0 6 6 2 6 4 6 10 14 4 0 0 4 2 
dx=22 14 4 0 10 0 2 12 2 2 2 10 2 0 0 2 2 
dx=23 2 0 0 4 2 2 10 4 0 8 8 2 6 8 0 8 
dx=24 6 2 8 4 4 4 6 2 2 6 6 2 6 2 2 2 
dx=25 6 0 0 8 2 8 2 6 6 4 2 2 4 2 6 6 
dx=26 12 0 0 4 0 4 4 4 0 8 4 0 12 8 0 4 
dx=27 12 2 0 2 0 12 2 2 4 4 8 4 8 2 2 0 
dx=28 2 8 4 6 2 4 6 0 6 6 4 0 2 2 2 10 
dx=29 6 4 6 8 8 4 6 2 0 0 2 2 10 0 2 4 
dx=2a 4 4 0 2 2 4 6 2 0 0 6 4 10 4 4 12 
dx=2b 4 6 2 6 0 0 12 2 0 4 12 2 6 4 0 4 
dx=2c 8 6 2 6 4 8 6 0 4 4 0 2 6 0 6 2 
dx=2d 4 4 0 4 0 6 4 2 4 12 0 4 4 6 4 6 
dx=2e 6 0 2 4 0 6 6 4 2 10 6 10 6 2 0 0 
dx=2f 10 4 0 2 2 6 10 2 0 2 2 4 6 2 2 10 
dx=30 0 4 8 4 6 4 0 6 10 4 2 4 2 6 4 0 
dx=31 0 6 6 4 10 2 0 0 4 4 0 0 4 6 12 6 
dx=32 4 6 0 2 6 4 6 0 6 0 4 6 4 10 6 0 
dx=33 8 10 0 14 8 0 0 8 2 0 2 4 0 4 4 0 
dx=34 0 4 4 2 14 4 0 8 6 8 2 2 0 4 6 0 
dx=35 0 4 16 0 8 4 0 4 4 4 0 8 0 4 4 4 
dx=36 4 4 4 6 2 2 2 12 2 4 4 8 2 4 4 0 
dx=37 4 2 2 2 4 2 0 8 2 2 2 12 6 2 8 6 
dx=38 0 4 8 4 12 0 0 8 10 2 0 0 0 4 2 10 
dx=39 0 8 12 0 2 2 2 2 12 4 0 8 0 4 4 4 
dx=3a 0 14 4 0 4 6 0 0 6 2 10 8 0 0 4 6 
dx=3b 0 2 2 2 4 4 8 6 8 2 2 2 6 14 2 0 
dx=3c 0 0 10 2 6 0 0 2 6 2 2 10 2 4 10 8 
dx=3d 0 6 12 2 4 8 0 8 8 2 2 0 2 2 4 4 
dx=3e 4 4 10 0 2 4 8 8 2 2 0 2 6 8 4 0 
dx=3f 8 6 6 0 4 2 2 4 4 2 8 6 2 4 6 0 
=========================================
S5
 ===========================================
dx=0 64 0 0 0 0 0 0 0 0 0 0 0 0 0 0 0 
dx=1 0 0 0 6 0 2 6 2 0 4 2 4 6 16 14 2 
dx=2 0 0 0 2 0 10 6 10 0 2 4 8 6 6 8 2 
dx=3 0 8 0 8 0 6 4 6 4 4 4 12 2 4 2 0 
dx=4 0 0 0 8 0 0 8 0 0 6 8 10 2 4 10 8 
dx=5 10 2 4 4 4 8 8 4 2 2 0 4 0 8 0 4 
dx=6 0 8 4 4 8 4 2 2 12 0 2 6 6 2 2 2 
dx=7 6 6 4 0 2 10 2 2 2 2 6 6 8 0 6 2 
dx=8 0 0 0 6 0 2 16 4 0 2 6 2 4 12 6 4 
dx=9 10 4 2 6 0 2 6 2 4 0 8 6 4 4 2 4 
dx=a 0 14 4 4 0 2 2 2 10 4 4 4 6 4 2 2 
dx=b 4 6 2 0 2 2 12 8 2 2 2 6 8 2 0 6 
dx=c 0 0 0 12 0 10 4 6 0 8 4 4 2 12 2 0 
dx=d 12 0 2 10 6 4 4 2 4 2 6 0 2 6 0 4 
dx=e 0 6 4 0 4 4 10 8 6 2 4 6 2 0 6 2 
dx=f 2 2 2 2 6 2 6 2 10 4 8 2 6 4 4 2 
dx=10 0 0 0 8 0 8 0 12 0 4 2 6 8 4 6 6 
dx=11 6 2 6 4 6 2 6 4 6 6 4 2 4 0 6 0 
dx=12 0 8 4 2 0 4 2 0 4 10 6 2 8 6 4 4 
dx=13 6 6 12 0 12 2 0 6 6 2 0 4 0 2 4 2 
dx=14 0 4 6 2 8 6 0 2 6 10 4 0 2 4 6 4 
dx=15 2 2 6 6 4 4 2 6 2 6 8 4 4 0 4 4 
dx=16 0 4 14 6 8 4 2 6 2 0 2 0 4 2 0 10 
dx=17 2 6 8 0 0 2 0 2 2 6 0 8 8 2 12 6 
dx=18 0 4 6 6 8 4 2 2 6 4 6 4 2 4 2 4 
dx=19 2 6 0 2 4 4 4 6 4 8 6 4 2 2 6 4 
dx=1a 0 6 6 0 8 2 4 6 4 2 4 6 2 0 4 10 
dx=1b 0 4 10 2 4 4 2 6 6 6 2 2 6 6 2 2 
dx=1c 0 0 8 2 12 2 6 2 8 6 6 2 4 0 4 2 
dx=1d 2 4 0 6 8 6 0 2 6 8 6 0 2 4 0 10 
dx=1e 0 10 8 2 8 2 0 2 6 4 2 4 6 4 2 4 
dx=1f 0 6 6 8 6 4 2 4 4 2 2 0 2 4 2 12 
dx=20 0 0 0 0 0 6 6 4 0 4 8 8 4 6 10 8 
dx=21 2 8 6 8 4 4 6 6 8 4 0 4 0 2 2 0 
dx=22 16 2 4 6 2 4 2 0 6 4 8 2 0 2 2 4 
dx=23 0 4 0 4 4 6 10 4 2 2 6 2 4 6 6 4 
dx=24 10 8 0 6 12 6 10 4 8 0 0 0 0 0 0 0 
dx=25 0 2 4 2 0 4 4 0 4 0 10 10 4 10 6 4 
dx=26 2 2 0 12 2 2 6 2 4 4 8 0 6 6 8 0 
dx=27 8 4 0 8 2 4 2 4 0 6 2 4 4 8 2 6 
dx=28 6 8 4 6 0 4 2 2 4 8 2 6 4 2 2 4 
dx=29 2 4 4 0 8 8 6 8 6 4 0 4 4 4 2 0 
dx=2a 6 0 0 6 6 4 6 8 2 4 0 2 2 4 6 8 
dx=2b 12 0 4 0 0 4 2 2 2 6 10 6 10 2 4 0 
dx=2c 4 2 6 0 0 6 8 6 4 2 2 8 4 6 4 2 
dx=2d 6 2 2 6 6 4 4 2 6 2 4 8 4 2 4 2 
dx=2e 4 6 2 4 2 4 4 2 4 2 4 6 4 10 4 2 
dx=2f 10 0 4 8 0 6 6 2 0 4 4 2 6 2 2 8 
dx=30 0 12 8 2 0 6 0 0 6 6 0 2 8 2 6 6 
dx=31 2 6 10 4 2 2 2 4 6 0 2 6 0 2 4 12 
dx=32 4 2 2 8 10 8 8 6 0 2 2 4 4 2 2 0 
dx=33 4 2 2 2 6 0 4 0 10 6 6 4 0 4 8 6 
dx=34 0 4 4 2 6 4 0 4 6 2 6 4 2 8 0 12 
dx=35 6 12 4 2 4 2 2 4 8 2 2 0 6 4 4 2 
dx=36 0 2 2 4 4 4 4 0 2 10 12 4 0 10 4 2 
dx=37 10 2 2 6 14 2 2 6 2 0 4 6 2 0 4 2 
dx=38 0 4 14 0 8 2 0 4 4 4 2 0 8 2 4 8 
dx=39 2 4 8 0 6 2 0 6 2 6 4 2 8 6 2 6 
dx=3a 8 4 0 4 6 2 0 4 6 8 6 0 6 0 4 6 
dx=3b 0 4 6 6 2 2 2 14 0 12 0 4 2 2 8 0 
dx=3c 0 6 16 0 2 2 2 8 4 2 0 12 6 2 2 0 
dx=3d 0 6 2 2 2 6 8 2 4 2 6 2 6 2 4 10 
dx=3e 4 2 2 4 4 0 6 10 4 2 4 6 6 2 6 2 
dx=3f 0 4 6 6 4 8 4 0 4 8 4 0 4 8 2 2 
=========================================
S6
 ===========================================
dx=0 64 0 0 0 0 0 0 0 0 0 0 0 0 0 0 0 
dx=1 0 0 0 2 0 4 4 14 0 12 4 6 2 6 6 4 
dx=2 0 0 0 0 0 12 2 2 0 4 0 4 8 12 6 14 
dx=3 8 2 12 2 6 8 6 0 6 4 4 2 2 0 0 2 
dx=4 0 0 0 8 0 4 4 8 0 8 8 12 2 6 2 2 
dx=5 6 0 0 2 8 0 8 4 0 2 6 0 10 6 6 6 
dx=6 0 2 12 0 8 4 8 2 4 4 4 2 6 0 6 2 
dx=7 4 6 4 12 0 4 2 0 0 14 2 6 4 0 0 6 
dx=8 0 0 0 8 0 0 6 10 0 4 12 4 6 6 0 8 
dx=9 10 8 4 8 6 2 2 0 2 6 8 2 0 6 0 0 
dx=a 0 10 6 2 12 2 4 0 4 4 6 4 4 0 0 6 
dx=b 0 2 2 2 4 8 6 4 4 0 4 2 6 4 2 14 
dx=c 0 0 0 4 0 4 8 4 0 2 6 0 14 12 8 2 
dx=d 6 6 2 4 2 6 4 6 6 4 8 8 0 2 0 0 
dx=e 0 12 10 10 0 2 4 2 8 6 4 2 0 0 2 2 
dx=f 2 0 0 0 6 8 8 0 6 2 4 6 8 0 6 8 
dx=10 0 0 0 4 0 2 8 6 0 6 4 10 8 4 8 4 
dx=11 6 10 10 4 4 2 0 4 4 0 2 8 4 2 2 2 
dx=12 0 0 8 8 2 8 2 8 6 4 2 8 0 0 8 0 
dx=13 4 4 2 2 8 6 0 2 2 2 0 4 6 8 14 0 
dx=14 0 8 6 2 8 8 2 6 4 2 0 2 8 6 0 2 
dx=15 4 4 8 2 4 0 4 10 8 2 4 4 4 2 0 4 
dx=16 0 6 10 2 2 2 2 4 10 8 2 2 0 4 10 0 
dx=17 8 2 4 2 6 4 0 6 4 4 2 2 0 4 8 8 
dx=18 0 16 2 2 6 0 6 0 6 2 8 0 6 0 2 8 
dx=19 0 8 0 2 4 4 10 4 8 0 6 4 2 6 2 4 
dx=1a 0 2 4 8 12 4 0 6 4 4 0 2 0 6 4 8 
dx=1b 0 6 2 6 4 2 4 4 6 4 8 4 2 0 10 2 
dx=1c 0 8 4 4 2 6 6 6 6 4 6 8 0 2 0 2 
dx=1d 4 4 4 0 0 2 4 2 4 2 2 4 10 10 8 4 
dx=1e 0 0 2 2 12 6 2 0 12 2 2 4 2 6 8 4 
dx=1f 2 2 10 14 2 4 2 4 4 6 0 2 4 8 0 0 
dx=20 0 0 0 14 0 8 4 2 0 4 2 8 2 6 0 14 
dx=21 4 2 6 2 12 2 4 0 6 4 10 2 4 2 2 2 
dx=22 10 6 0 2 4 4 10 0 4 0 12 2 8 0 0 2 
dx=23 0 6 2 2 2 4 6 10 0 4 8 2 2 6 0 10 
dx=24 4 2 0 6 8 2 6 0 8 2 2 0 8 2 12 2 
dx=25 2 0 2 16 2 4 6 4 6 8 2 4 0 6 0 2 
dx=26 6 10 0 10 0 6 4 4 2 2 4 6 2 4 2 2 
dx=27 4 0 2 0 2 2 14 0 4 6 6 2 12 2 4 4 
dx=28 14 4 6 4 4 6 2 0 6 6 2 2 4 0 2 2 
dx=29 2 2 0 2 0 8 4 2 4 6 4 4 6 4 12 4 
dx=2a 2 4 0 0 0 2 8 12 0 8 2 4 8 4 4 6 
dx=2b 16 6 2 4 6 10 2 2 2 2 2 2 4 2 2 0 
dx=2c 2 6 6 8 2 2 0 6 0 8 4 2 2 6 8 2 
dx=2d 6 2 4 2 8 8 2 8 2 4 4 0 2 0 8 4 
dx=2e 2 4 8 0 2 2 2 4 0 2 8 4 14 6 0 6 
dx=2f 2 2 2 8 0 2 2 6 4 6 8 8 6 2 0 6 
dx=30 0 6 8 2 8 4 4 0 10 4 4 6 0 0 2 6 
dx=31 0 8 4 0 6 2 2 6 6 0 0 2 6 4 8 10 
dx=32 2 4 0 0 6 4 10 6 6 4 6 2 4 6 2 2 
dx=33 0 16 6 8 2 0 2 2 4 2 8 4 0 4 6 0 
dx=34 0 4 14 8 2 2 2 4 16 2 2 2 0 2 0 4 
dx=35 0 6 0 0 10 8 2 2 6 0 0 8 6 4 4 8 
dx=36 2 0 2 2 4 6 4 4 2 2 4 2 4 16 10 0 
dx=37 6 6 6 8 4 2 4 4 4 0 6 8 2 4 0 0 
dx=38 0 2 2 2 8 8 0 2 2 2 0 6 6 4 10 10 
dx=39 4 4 16 8 0 6 4 2 4 4 2 6 0 2 2 0 
dx=3a 16 6 4 0 2 0 2 6 0 4 8 10 0 0 4 2 
dx=3b 2 0 0 2 0 4 4 4 2 6 2 6 6 12 12 2 
dx=3c 0 0 8 0 12 8 2 6 6 4 0 2 2 4 6 4 
dx=3d 2 4 12 2 2 2 0 4 6 10 2 6 4 2 0 6 
dx=3e 4 6 6 6 2 0 4 8 2 10 4 6 0 4 2 0 
dx=3f 14 0 0 0 8 0 6 8 4 2 0 0 4 8 4 6 
=========================================
S7
 ===========================================
dx=0 64 0 0 0 0 0 0 0 0 0 0 0 0 0 0 0 
dx=1 0 0 0 6 0 16 10 0 0 0 6 0 14 6 2 4 
dx=2 0 0 0 8 0 10 4 2 0 10 2 4 8 8 6 2 
dx=3 6 0 2 8 2 6 4 0 6 6 6 2 2 0 8 6 
dx=4 0 0 0 2 0 4 6 12 0 6 8 4 10 4 8 0 
dx=5 4 10 6 0 0 2 6 0 4 10 4 6 8 2 0 2 
dx=6 0 0 10 4 6 4 4 8 2 6 4 2 4 2 2 6 
dx=7 6 2 8 2 8 10 6 6 4 2 0 4 0 0 0 6 
dx=8 0 0 0 4 0 6 4 2 0 8 6 10 8 2 2 12 
dx=9 8 4 0 6 0 4 4 6 2 4 6 2 12 2 0 4 
dx=a 0 0 16 4 6 6 4 0 4 6 4 2 2 0 0 10 
dx=b 2 8 0 6 2 6 0 4 4 10 0 2 10 2 6 2 
dx=c 0 0 0 2 0 10 10 6 0 6 6 6 2 6 10 0 
dx=d 6 0 4 10 2 0 8 6 2 2 6 10 2 2 2 2 
dx=e 0 0 6 8 4 8 0 2 10 6 2 4 6 2 4 2 
dx=f 8 0 4 2 2 4 2 2 2 6 4 6 0 2 14 6 
dx=10 0 0 0 4 0 0 8 12 0 0 8 8 2 10 6 6 
dx=11 0 6 4 6 2 2 6 6 4 6 4 6 0 4 4 4 
dx=12 0 4 0 8 6 2 8 4 2 4 4 6 2 4 10 0 
dx=13 4 2 2 6 8 6 2 2 14 2 2 4 2 2 2 4 
dx=14 0 16 4 2 6 0 2 6 4 0 4 6 4 6 4 0 
dx=15 0 10 6 0 6 0 2 8 2 2 0 8 2 6 6 6 
dx=16 0 12 6 4 6 0 0 0 8 6 6 2 2 6 4 2 
dx=17 0 6 8 0 6 2 4 6 6 0 2 6 4 4 2 8 
dx=18 0 12 2 2 8 0 8 0 10 4 4 2 4 2 0 6 
dx=19 6 4 8 0 8 0 4 2 0 0 12 2 4 6 2 6 
dx=1a 0 4 6 2 8 8 0 4 8 0 0 0 6 2 0 16 
dx=1b 2 4 8 10 2 4 2 8 2 4 8 2 0 2 4 2 
dx=1c 0 12 6 4 6 4 2 2 6 0 4 4 2 10 2 0 
dx=1d 8 6 0 0 10 0 0 8 10 4 2 2 2 8 4 0 
dx=1e 0 4 8 6 8 2 4 4 10 2 2 4 2 0 6 2 
dx=1f 4 2 4 2 6 2 4 0 2 6 2 2 2 16 8 2 
dx=20 0 0 0 16 0 4 0 0 0 14 6 4 2 0 4 14 
dx=21 0 0 2 10 2 8 10 0 0 6 6 0 10 2 2 6 
dx=22 8 0 6 0 6 4 10 2 0 6 8 0 4 4 2 4 
dx=23 4 8 0 6 0 4 8 6 2 2 10 4 8 0 0 2 
dx=24 4 0 4 8 4 6 2 4 8 6 2 0 0 4 4 8 
dx=25 0 4 6 8 2 8 8 0 4 2 4 4 2 2 6 4 
dx=26 2 6 0 6 4 4 4 6 6 0 4 4 10 4 2 2 
dx=27 6 6 0 0 2 2 6 2 4 4 6 10 2 6 2 6 
dx=28 10 2 6 2 4 12 12 0 2 2 4 0 0 0 2 6 
dx=29 4 0 0 14 2 10 4 2 8 6 4 0 4 2 2 2 
dx=2a 8 8 0 2 0 2 4 0 2 6 8 14 2 8 0 0 
dx=2b 2 2 0 0 4 2 10 4 6 2 4 0 6 4 8 10 
dx=2c 2 6 6 2 4 6 2 0 2 6 4 0 6 4 10 4 
dx=2d 8 0 4 4 6 2 0 0 6 8 2 4 6 4 4 6 
dx=2e 6 2 2 4 2 2 6 12 4 0 4 2 8 8 0 2 
dx=2f 8 12 4 6 6 4 2 2 2 2 4 2 2 4 0 4 
dx=30 0 4 6 2 10 2 2 2 4 8 0 0 8 4 6 6 
dx=31 4 6 8 0 4 6 0 4 4 6 10 2 2 4 4 0 
dx=32 6 6 6 2 4 6 0 2 0 6 8 2 2 6 6 2 
dx=33 6 6 4 2 4 0 0 10 2 2 0 6 8 4 0 10 
dx=34 0 2 12 4 10 4 0 4 12 0 2 4 2 2 2 4 
dx=35 6 4 4 0 10 0 0 4 10 0 0 4 2 8 8 4 
dx=36 4 6 2 2 2 2 6 8 6 4 2 6 0 4 10 0 
dx=37 2 2 8 2 4 4 4 2 6 2 0 10 6 10 2 0 
dx=38 0 4 8 4 2 6 6 2 4 2 2 4 6 4 4 6 
dx=39 4 4 4 8 0 6 0 6 4 8 2 2 2 4 8 2 
dx=3a 8 8 0 4 2 0 10 4 0 0 0 4 8 6 8 2 
dx=3b 8 2 6 4 4 4 4 0 6 4 4 6 4 4 4 0 
dx=3c 0 6 6 6 6 0 0 8 8 2 4 8 4 2 4 0 
dx=3d 2 2 8 0 10 0 2 12 0 4 0 8 0 2 6 8 
dx=3e 6 4 0 0 4 4 0 10 6 2 6 12 2 4 0 4 
dx=3f 0 6 6 0 4 4 6 10 0 6 8 2 0 4 8 0 
=========================================
